use taco_app;

insert ingredient(name, type, img_path, weight, calories, protein, fat, carbs, price)
values
('Пшеничная лепёшка', 0, '/images/ingredients/wrap/wheat.png', 32, 109, 2, 5, 13, 2.0),
('Ржаная лепёшка', 0, '/images/ingredients/wrap/rye.png', 38, 143, 3, 7, 17, 2.0),
('Сырная лепёшка', 0, '/images/ingredients/wrap/cheese.png', 35, 124, 7, 10, 2, 2.5),

('Курица', 1, '/images/ingredients/protein/chicken.png', 74, 103, 13, 6, 0, 2.5),
('Свинина', 1, '/images/ingredients/protein/beef.png', 76, 245, 6, 25, 0, 3.0),
('Говядина', 1, '/images/ingredients/protein/pork.png', 74, 192, 16, 14, 0, 3.0),
('Бекон', 1, '/images/ingredients/protein/bacon.png', 75, 250, 12, 23, 0, 3.0),
('Баварские колбаски', 1, '/images/ingredients/protein/bavarian-sausages.png', 77, 99, 6, 9, 0, 3.0),
('Бобы', 1, '/images/ingredients/protein/beans.png', 80, 29, 3, 0, 4, 2.5),
('Нут', 1, '/images/ingredients/protein/chickpea-cutlets.png', 79, 76, 4, 3, 8, 3.0);

insert ingredient(name, type, img_path, weight, calories, protein, fat, carbs, price)
values
('Томаты', 2, '/images/ingredients/veggie/tomatoes.png', 41, 6, 0, 0, 1, 1.0),
('Маринованные огурчики', 2, '/images/ingredients/veggie/pickles.png', 42, 5, 1, 0, 0, 1.0),
('Болгарский перец', 2, '/images/ingredients/veggie/bell_peppers.png', 40, 8, 0, 0, 1, 1.0),
('Халапеньо', 2, '/images/ingredients/veggie/jalapenos.png', 38, 9, 0, 0, 2, 1.5),
('Лук белый', 2, 'img_path', 39, 13, 0, 0, 3, 1.0),
('Лук маринованный', 2, 'img_path', 41, 6, 0, 0, 1, 1.0),
('Лук во фритюре', 2, 'img_path', 38, 66, 3, 1, 13, 1.0),
('Салат', 2, 'img_path', 40, 4, 0, 0, 0, 1.0),
('Картофель', 2, 'img_path', 40, 25, 1, 0, 5, 1.0),
('Гуакомолле', 2, 'img_path', 42, 51, 1, 3, 5, 2.0),
('Песто', 2, 'img_path', 42, 136, 2, 14, 2, 2.0),

('Чеддар', 3, 'img_path', 41, 118, 7, 10, 0, 1.5),
('Моцарелла', 3, 'img_path', 41, 73, 6, 5, 0, 1.5),
('Смесь сыров', 3, 'img_path', 41, 107, 8, 8, 1, 1.5);

insert ingredient(name, type, img_path, weight, calories, protein, fat, carbs, price)
values
('Соус альфредо', 4, '/images/ingredients/sause/alfredo.png', 17, 49, 1, 5, 0, 0.5),
('Соус барбекю', 4, '/images/ingredients/sause/barbecue.png', 17, 20, 0, 0, 5, 0.5),
('Соус горчичный', 4, '/images/ingredients/sause/mustard.png', 17, 27, 0, 2, 1, 0.5),
('Соус грибной', 4, '/images/ingredients/sause/mushroom.png', 17, 10, 0, 1, 1, 0.5),
('Соус карри', 4, '/images/ingredients/sause/curry.png', 17, 32, 0, 3, 2, 0.5),
('Соус кетчуп', 4, '/images/ingredients/sause/ketchup.png', 17, 12, 0, 0, 3, 0.5),
('Соус кисло-сладкий', 4, '/images/ingredients/sause/sweet-and-sour.png', 17, 20, 0, 0, 5, 0.5),
('Соус маринара', 4, '/images/ingredients/sause/marinara.png', 17, 9, 0, 0, 1, 0.5),
('Соус ранч', 4, '/images/ingredients/sause/ranch.png', 17, 58, 0, 6, 1, 0.5),
('Соус сальса', 4, '/images/ingredients/sause/salsa.png', 17, 9, 0, 0, 1, 0.5),
('Соус сырный', 4, '/images/ingredients/sause/cheese.png', 17, 43, 0, 4, 1, 0.5),
('Соус тартар', 4, '/images/ingredients/sause/tartar.png', 17, 56, 0, 6, 1, 0.5),
('Соус терияки', 4, '/images/ingredients/sause/teriyaki.png', 17, 11, 1, 0, 2, 0.5),
('Соус чили', 4, '/images/ingredients/sause/chili.png', 17, 14, 0, 0, 4, 0.5);


insert taco(id, calories, carbs, custom, fat, name, price, protein, size, weight)
values
(1, 364, 25, 0, 19, 'Тако с курицей', 10, 21, 1, 301),
(2, 273, 18, 0, 14, 'Тако с курицей', 7.5, 15, 0.75, 225),
(3, 430, 32, 0, 20, 'Тако с курицей', 12.5, 26, 1.25, 376),
(4, 471, 20, 0, 35, 'Тако со свининой', 10.5, 15, 1, 306),
(5, 369, 18, 0, 26, 'Тако со свининой', 7.88, 12, 0.75, 229),
(6, 602, 30, 0, 43, 'Тако со свининой', 13.13, 18, 1.25, 382),
(7, 426, 17, 0, 26, 'Тако с говядиной', 10.5, 24, 1, 303),
(8, 319, 12, 0, 19, 'Тако с говядиной', 7.88, 18, 0.75, 227),
(9, 532, 21, 0, 32, 'Тако с говядиной', 13.13, 30, 1.25, 378),
(10, 570, 27, 0, 41, 'Тако с беконом', 11.5, 22, 1, 305),
(11, 427, 20, 0, 30, 'Тако с беконом', 8.63, 16, 0.75, 228),
(12, 712, 33, 0, 51, 'Тако с беконом', 14.38, 27, 1.25, 381),
(13, 464, 30, 0, 30, 'Тако с баварскими колбасками', 10.5, 20, 1, 305),
(14, 348, 22, 0, 22, 'Тако с баварскими колбасками', 7.88, 15, 0.75, 228),
(15, 580, 37, 0, 37, 'Тако с баварскими колбасками', 13.13, 25, 1.25, 381),
(16, 423, 30, 0, 26, 'Вегетарианское тако с бобами', 10, 16, 1, 314),
(17, 317, 22, 0, 19, 'Вегетарианское тако с бобами', 7.5, 12, 0.75, 235),
(18, 528, 37, 0, 32, 'Вегетарианское тако с бобами', 12.5, 20, 1.25, 392),
(19, 402, 29, 0, 23, 'Вегетарианское тако с нутом', 11, 17, 1, 312),
(20, 301, 21, 0, 17, 'Вегетарианское тако с нутом', 8.25, 12, 0.75, 234),
(21, 502, 36, 0, 28, 'Вегетарианское тако с нутом', 13.75, 21, 1.25, 390),
(22, 669, 23, 0, 49, 'Мясное тако', 13.5, 30, 1, 378),
(23, 501, 17, 0, 36, 'Мясное тако', 10.13, 22, 0.75, 283),
(24, 836, 28, 0, 61, 'Мясное тако', 16.88, 37, 1.25, 472),
(25, 537, 7, 0, 41, 'Сырное тако', 12, 33, 1, 347),
(26, 402, 5, 0, 30, 'Сырное тако', 9, 24, 0.75, 260),
(27, 671, 8, 0, 51, 'Сырное тако', 15, 41, 1.25, 433),
(28, 564, 34, 0, 39, 'Острое тако', 11, 20, 1, 301),
(29, 423, 25, 0, 29, 'Острое тако', 8.25, 15, 0.75, 225),
(30, 705, 42, 0, 48, 'Острое тако', 13.75, 25, 1.25, 376);


insert taco_ingredients(taco_id, ingredient_id)
values
(1, 1),
(1, 4),
(1, 11),
(1, 13),
(1, 15),
(1, 23),
(1, 29),
(1, 31),
(2, 1),
(2, 4),
(2, 11),
(2, 13),
(2, 15),
(2, 23),
(2, 29),
(2, 31),
(3, 1),
(3, 4),
(3, 11),
(3, 13),
(3, 15),
(3, 23),
(3, 29),
(3, 31),
(4, 1),
(4, 5),
(4, 12),
(4, 16),
(4, 18),
(4, 23),
(4, 26),
(4, 34),
(5, 1),
(5, 5),
(5, 12),
(5, 16),
(5, 18),
(5, 23),
(5, 26),
(5, 34),
(6, 1),
(6, 5),
(6, 12),
(6, 16),
(6, 18),
(6, 23),
(6, 26),
(6, 34),
(7, 1),
(7, 6),
(7, 11),
(7, 16),
(7, 18),
(7, 23),
(7, 27),
(7, 32),
(8, 1),
(8, 6),
(8, 11),
(8, 16),
(8, 18),
(8, 23),
(8, 27),
(8, 32),
(9, 1),
(9, 6),
(9, 11),
(9, 16),
(9, 18),
(9, 23),
(9, 27),
(9, 32),
(10, 1),
(10, 7),
(10, 11),
(10, 18),
(10, 20),
(10, 22),
(10, 30),
(10, 31),
(11, 1),
(11, 7),
(11, 11),
(11, 18),
(11, 20),
(11, 22),
(11, 30),
(11, 31),
(12, 1),
(12, 7),
(12, 11),
(12, 18),
(12, 20),
(12, 22),
(12, 30),
(12, 31),
(13, 1),
(13, 8),
(13, 11),
(13, 12),
(13, 17),
(13, 22),
(13, 25),
(13, 30),
(14, 1),
(14, 8),
(14, 11),
(14, 12),
(14, 17),
(14, 22),
(14, 25),
(14, 30),
(15, 1),
(15, 8),
(15, 11),
(15, 12),
(15, 17),
(15, 22),
(15, 25),
(15, 30),
(16, 2),
(16, 9),
(16, 11),
(16, 13),
(16, 19),
(16, 24),
(16, 25),
(16, 36),
(17, 2),
(17, 9),
(17, 11),
(17, 13),
(17, 19),
(17, 24),
(17, 25),
(17, 36),
(18, 2),
(18, 9),
(18, 11),
(18, 13),
(18, 19),
(18, 24),
(18, 25),
(18, 36),
(19, 2),
(19, 10),
(19, 12),
(19, 14),
(19, 18),
(19, 24),
(19, 25),
(19, 32),
(20, 2),
(20, 10),
(20, 12),
(20, 14),
(20, 18),
(20, 24),
(20, 25),
(20, 32),
(21, 2),
(21, 10),
(21, 12),
(21, 14),
(21, 18),
(21, 24),
(21, 25),
(21, 32),
(22, 1),
(22, 5),
(22, 6),
(22, 11),
(22, 13),
(22, 18),
(22, 23),
(22, 26),
(22, 30),
(23, 1),
(23, 5),
(23, 6),
(23, 11),
(23, 13),
(23, 18),
(23, 23),
(23, 26),
(23, 30),
(24, 1),
(24, 5),
(24, 6),
(24, 11),
(24, 13),
(24, 18),
(24, 23),
(24, 26),
(24, 30),
(25, 3),
(25, 4),
(25, 11),
(25, 13),
(25, 16),
(25, 22),
(25, 23),
(25, 35),
(25, 36),
(26, 3),
(26, 4),
(26, 11),
(26, 13),
(26, 16),
(26, 22),
(26, 23),
(26, 35),
(26, 36),
(27, 3),
(27, 4),
(27, 11),
(27, 13),
(27, 16),
(27, 22),
(27, 23),
(27, 35),
(27, 36),
(28, 1),
(28, 5),
(28, 12),
(28, 14),
(28, 17),
(28, 24),
(28, 34),
(28, 38),
(29, 1),
(29, 5),
(29, 12),
(29, 14),
(29, 17),
(29, 24),
(29, 34),
(29, 38),
(30, 1),
(30, 5),
(30, 12),
(30, 14),
(30, 17),
(30, 24),
(30, 34),
(30, 38);


use taco_app;
insert user(email, is_active, password, role, username, phone_number)
values
('a@a.a', 1, 123, 'ROLE_ADMIN', 'Anne', '+375 29 111-11-11'),
('q@q.q', 1, 123, 'ROLE_USER', 'Chous', '+375 29 222-22-22');

